-0.0003905108292836652 
-0.0007746904489932854 
0.03421250384783582 
0.10302314597879557 
0.864346709281463 
-1.0243908431256972 
0.16201627505733365 
0.5659096934807212 
-0.13502155958518583 
-0.21125446664392544 
-0.39121506764768693 
0.27347337382352105 
0.03779663935043668 
-0.18510592698272396 
-0.002437611216970235 
0.06194867615485597 
-0.025425460115521718 
-0.12528548048404783 
0.1532246342563969 
0.09141650779230956 
-0.11658973206652165 
-0.11354901195660654 
0.005825949560817165 
-0.005782287543056364 
-0.0355015194508391 
0.06637746857151906 
0.016295595958832256 
-0.04982922186238586 
-0.03340845902041717 
0.02188368989041683 
-0.027094541727129613 
0.025859118248389427 
-0.008470995132794963 
0.0069058294766506 
-0.013582175804957393 
0.011749413837924633 
-0.01591639995851108 
0.01307988871778421 
-0.01647344787225876 
0.0005519124409321653 
0.003746803668701288 
-0.006336002076531413 
0.004864154802713845 
0.001596749029113838 
-0.0032404942145836946 
-0.005659945317240948 
0.014116532525134163 
-0.005529858451024168 
0.016960743000495826 
-0.0012558294735767058 
-0.017556590017630623 
-0.0037224604346821092 
-0.001625604550370996 
-0.0016288744219130605 
0.008135857611939317 
0.016887001349266656 
-0.016979843322800822 
-0.0023083533008937188 
-0.007826144250604176 
0.004334873708238905 
-0.0024541180084919727 
0.008141965291020844 
-0.0027509075491523693 
0.016965211244612075 
-0.015373883084940757 
0.010558699784917072 
-0.022163939970394526 
0.019386357911724633 
-0.0065613976878633375 
-0.005288767897383364 
-0.007241593912940798 
0.010665567151754088 
-0.007766260339133628 
0.003453273882898894 
0.004305010055903289 
0.0008667153212478068 
-0.008090579784189252 
-0.00394237325212938 
0.010832750697402381 
0.0014454084599405767 
0.02199642006164209 
-0.021842445501749234 
-0.004230612092152965 
0.003303113604869107 
0.001056293336759244 
-0.008710072037412647 
0.005260268399775592 
0.00470235035507395 
-0.007993753256244414 
0.007097086689645207 
-0.01310885811449365 
0.01056301607048954 
-0.01063010973532415 
1.130959555320686e-14 
0.011340473722177623 
0.001672175261846242 
0.00021099518987196793 
-0.011406054007904773 
0.010660456688481678 
-0.002812833553412334 
-0.005060663255221151 
0.0015407343607988179 
0.01981245407398637 
0.009487580292108212 
-0.0270111488703597 
0.003884473871798645 
0.020273587733814526 
-0.0308977599899111 
0.008079631901722718 
0.005631029878574076 
-0.0012606002067031257 
-0.007338487050044533 
0.005822669414715858 
-0.012414834244080146 
0.012684008080822927 
-0.01182471839944144 
-0.0005569607938784337 
0.003529163176858761 
-0.0015740345578547088 
-0.002391385350731715 
0.010172037299151566 
-0.0027248991921343265 
0.003863416488324296 
-0.005977277345621224 
-0.0025069435266978244 
0.006917324009006302 
0.0015422209813713123 
0.0006286685227715638 
-0.00466703492436804 
0.004568809408666339 
-0.005436790807559005 
-0.002170377002638951 
0.01519781446467118 
-0.013234471108573507 
-0.0029585287623596023 
-0.003865642791199009 
0.007266804306718683 
7.036363497289688e-05 
-0.005905393201893809 
-0.0012827631132819957 
1.1458200967217993e-14 
0.0049920012047915035 
0.00587305801007346 
0.0003728714941092831 
-0.003662199319059794 
0.0030361970364880544 
-0.0037590341093581676 
0.00838088068243881 
-0.0015556855480782531 
-0.004069568818661632 
0.012823634809356327 
-0.008788251819906789 
-0.0031116711427541734 
-0.0101919105781656 
0.004783941075353267 
0.016448664636767703 
-0.019730298836389958 
0.002823992770898784 
0.027952540093056314 
-0.00409276560456556 
0.003743146680568724 
-0.028613683086310047 
-0.0014579387783821248 
0.008701587761582362 
0.0029715671089155862 
-0.010111451967262416 
0.005955452043521952 
0.002312433348207635 
-0.004353000980372849 
0.0015108810536482358 
0.010530876803791372 
-0.009850331948166561 
0.0022244947373768866 
-0.011119954480999318 
0.02123474664786589 
-0.010445216596429408 
-0.008700404144700658 
0.007751423626848858 
-0.0018942896678410795 
-0.0003839888988973477 
0.00314340677658314 
-0.00012538713343217684 
-0.008799810663147485 
0.00484470126783892 
0.008033187976866814 
-0.016301933139311726 
0.004862209087776872 
-0.003732557345224165 
0.006936057254032247 
-0.007852957751742034 
0.004324913485535668 
-0.003955613927292739 
0.007302461028078407 
0.002407807636304485 
-0.0012915669046657532 
0.0034224215634775794 
-0.011991251839562067 
0.012813704292479182 
-0.007095135298234263 
-0.00044539932290536897 
-0.0037007536661335582 
0.008872105838981468 
-0.0035574239244327887 
-0.005773228247329793 
0.00791678985126167 
0.0028773761558927484 
-0.00662541023399361 
0.006614099912098757 
0.0006015999034439314 
-0.009076444615479363 
0.0027446898153475506 
0.01514437616513103 
-0.010529123196560509 
0.0015225435573683515 
0.027154718609684592 
-0.02383585273375509 
-0.001195140079444543 
-0.0017205839970630325 
0.0014250737060170254 
-0.008263851359092961 
0.009153044098066748 
0.053182068587732854 
-0.03924802182224727 
-0.0015657553742417286 
0.010780177135865831 
-0.017450409846327838 
0.002336472949402681 
-0.002812197695074756 
-0.012127388382873864 
-0.0014957514442176102 
0.005089016512923099 
-0.0046835474330260704 
-0.006803864298278995 
0.009469962398480431 
-0.010308077149742826 
0.00894991298658824 
-0.0076266336514592865 
0.009904576295526659 
-0.0020297873602948386 
-0.003464417961557091 
0.0009576794624931244 
0.009237341829735282 
0.0102147612881988 
-0.026026019964178287 
0.012550034794248759 
0.019558563841324997 
-0.00702618333447681 
-0.019406512924707273 
0.005201189015628179 
0.00976551615174174 
-0.01137490228664472 
0.022348927032549183 
-0.011931700934661858 
-0.006731895722980421 
-0.013176160861596002 
0.012041772192312764 
-0.012096798000996225 
2.3718234676106834e-14 
0.026289559690235147 
-0.014179329811904473 
0.0002636388006422528 
-0.011229350939646925 
0.006100909409031941 
0.00264939573391661 
-0.00865738863842881 
0.008149071673267378 
-0.009422226215882287 
2.1370667071032794e-05 
0.01756976101929868 
-0.01748755439444377 
1.1554067888775451e-14 
0.007981815591434068 
-0.003102623071598213 
-0.004184614856221827 
0.009188111645637353 
-0.005098223976762588 
0.002004799959588245 
0.006557268753489258 
-0.006324247655040482 
-0.006790945473546317 
0.007384131453635027 
-0.005848938171862997 
0.01039157982232576 
-0.011752159694904524 
0.01149151124028172 
1.7785251151727274e-05 
-0.0057492984362510074 
0.00598155083177923 
0.0006503654292568861 
-0.011476797646550354 
0.03214355339868543 
0.0002068923225785163 
-0.024736304815209737 
0.0009773230218391269 
0.005078269990374488 
-0.0057691661098577375 
0.003510433933865353 
-0.004188811298579637 
-0.0069347363625964845 
0.0018671545587805893 
