3 
0.0021775384235953638 
0.3227516361239526 
0.996616337871498 
-1.7744900101349819 
-0.21616538310976252 
1.1727032257219636 
-2.5536997264843917 
-0.6902104672293069 
-0.4307540976587825 
-1.7845647217244611 
0.6218873088487382 
-0.3004667879601851 
-1.0033906710918434 
-0.8362344241965539 
-0.07227332045514868 
-1.7848488597899772 
0.24326560722073218 
-0.7666954218052033 
-0.3006462924155529 
-0.3655728079637707 
-0.0384628475172238 
0.14437147333687153 
0.6554034919435082 
-0.20225667459922625 
0.4023649544854012 
-0.567748678790999 
0.18954358409367503 
0.9952286295277137 
-0.5494232730486559 
0.1601501536556718 
0.07956138520959519 
0.03357264139178076 
0.04043742290837244 
0.001597334463556545 
0.04377197549138782 
-0.0280529503606279 
0.06933918837528204 
-0.05564490192024716 
-0.001160653782744638 
-0.06602601988405872 
-0.058624771098314925 
-0.02984997799005945 
-0.086849696498742 
-0.014072833148586341 
-0.1041547865882553 
-0.06467024964431159 
-0.0717957075334594 
-0.1427333482651354 
-0.048914318030145544 
-0.18260480770181742 
-0.03888628681360988 
-0.14719310951422274 
-0.000628443155816049 
-0.1086928094613959 
-0.006377146279429476 
-0.17320617026059332 
-0.09262565410490296 
-0.033896705228855344 
-0.0693101023827656 
-0.13317541155490853 
0.011365891635496218 
0.12087895711767262 
0.08703067519273112 
0.06510666371619811 
0.00966974168069781 
0.05085226664228723 
0.03240856929039253 
0.08590929577657183 
0.02928190996730146 
0.07336199411982659 
0.0653632103596863 
0.01125095187138666 
0.12372200418753952 
-0.02953992784007071 
0.017356264872374044 
0.007274931629858172 
-0.03206408787803018 
0.03320917025118273 
0.017728303181092756 
0.0045028570250365135 
0.028124339038000025 
-0.04569839861028832 
-0.04101604440232141 
-0.08462966149725686 
0.12990071558265429 
-0.08124015065647514 
-0.0010364001532870283 
0.0036477426159808105 
-0.014499477366468555 
-0.061115338001699104 
0.001993170869602681 
-0.0017815348324897607 
-0.07073514871839336 
-0.00040113815403336315 
-0.017156570893424313 
-0.05353878408702024 
0.02069427158075479 
-0.008826200352338122 
-0.08048486456859714 
0.001978270632749391 
-0.08482924307877153 
0.05346983673637956 
-0.13359231438626773 
0.0946009557626615 
-0.1900146081997222 
0.22336412392602883 
-0.11322758251648563 
0.18196955047401486 
-0.2352376198021428 
0.0875082617551783 
-0.19790670564348514 
-0.07063591695473694 
0.06758680918171668 
-0.05213636154488623 
0.13614958159647708 
-0.05731007367882692 
-0.014895077446056436 
0.03965400174493489 
0.05064342774260268 
0.03689181961859996 
0.004781108745692529 
0.08211344506539796 
-0.022539939153153467 
0.06532562432211153 
-0.05045154813291981 
0.07691729306735821 
-0.06264627166804308 
0.12665023312770826 
-0.08753065916083051 
0.15830196615275943 
-0.06407081999745844 
0.011494253784076163 
-0.09004993894450214 
0.005519261716379023 
-0.07087092269784151 
0.050161892237681006 
-0.059676921751903325 
0.03969358988334838 
-0.10039152481483686 
8.842372029351918e-05 
-0.019775359051498277 
0.016635583800769634 
-0.0005234541235292271 
0.0054657007171918515 
-0.07291074858920418 
-0.06273133517492831 
-0.0015503478342219382 
-0.024910823886479198 
-0.05188628155958712 
0.05121763654930009 
-0.04297897837002276 
0.05757136182760509 
-0.07175937039727906 
0.0028429167429132743 
0.05115384856689762 
0.0233089458983427 
0.023619552345390808 
-0.056917249094206986 
0.07941941649393419 
-0.04303430752359253 
0.042791643890600146 
-0.04067968821951891 
0.055520422091666036 
-0.09710016947535045 
0.038860755763247344 
-0.01961624752208213 
0.0756497941524382 
-0.004714802359966738 
0.03463512360382839 
-0.10279492692952356 
-0.007019600704832577 
-0.02338704557824006 
-0.04445160039447549 
0.04337865725602412 
-0.0015689613702972594 
-0.03788305214505221 
-0.002015010870359415 
-0.006504066837392673 
-0.0012468277458377484 
0.018213198760313735 
0.038022321213746234 
0.07947488497287956 
0.04543727478565274 
0.054102001545673524 
-0.02232786460754871 
-0.01801115869973483 
0.057930145702998814 
-0.041123294320859975 
0.07046154907117845 
-0.033403529871991244 
-0.0024034844116260297 
0.021356422426664717 
0.013974208494458105 
-0.00026938131321381926 
0.06208886412482725 
0.007348207462142247 
0.010246152149407352 
-0.006773748302571215 
-0.005538405660289519 
0.05826634715292287 
-0.051595631037415754 
0.0002809799001585246 
0.03290969161878515 
-0.025866012737599857 
0.004514935533681194 
-0.005985916992430952 
0.042928405390229074 
-0.025601139227900676 
-0.0027463462235201267 
-0.019149022125979468 
0.018851898766194943 
-0.059742520746034596 
0.036313958825491974 
-0.012165840182035323 
-0.006400095073286678 
-0.048059835740576526 
-0.05520697100264523 
-0.017725948259152337 
0.05966578887161752 
-0.068630998601801 
0.026511090601822926 
-0.10533573810305058 
-0.030211651912986557 
-0.054883973011978886 
-0.006815558333315764 
0.036855904987234095 
0.005844174119734632 
-0.029738256611998356 
0.04631663448705138 
-0.00969483660814725 
0.13396840863815945 
-0.06660524287841504 
0.13428140418968001 
0.0008213877957826384 
-0.030325403354921593 
0.03707649649177274 
-0.005649814572189189 
-0.00318016010493271 
0.06969062608138368 
0.00017148565920629185 
0.05589089051143613 
-0.0758327883737588 
0.017977630458024103 
-0.04346336856352336 
0.0515332542615251 
-0.028527142445528373 
-0.009288504988074493 
0.026299498573489833 
-0.08201154768429833 
-0.026268163491249098 
-0.06659084385584012 
0.03748857445753226 
-0.015244480296843188 
0.011501311737337776 
-0.03040692563320199 
-0.04234875084407347 
0.00041706985608305487 
-0.03734562894095605 
0.03772200161383184 
-0.06891052646319341 
0.036496960312080884 
-0.04294592353910158 
0.002365755888823768 
0.0019219881225352822 
-0.001254006360583281 
-0.00030549507971501137 
-0.03596825291920449 
-0.02693417691772102 
-0.009097571650206403 
9.070486572709432e-14 
0.0022283497231343954 
0.0008785334205992031 
0.036011297419651214 
-0.0035386502485299284 
-0.03205040498303763 
0.061177465339724846 
-0.008139071796803576 
-0.0022760252173948535 
0.022322892998866355 
-0.06587661199461196 
0.03735803043751014 
-0.026304818637466244 
-0.008668344253203241 
0.011809057171289121 
-0.00012508613032440098 
-0.0152344229225226 
0.017184594229478684 
0.009548677557632047 
0.015990459630431556 
-0.026712600157015792 
0.0039799256435051585 
0.010819505543490834 
-0.016626949445856933 
0.00633087368902104 
0.02620948688994472 
-0.029672621326368227 
0.026097700092351402 
-0.009173867447489978 
-0.027879483042914238 
