0.77751 
0.77746 
0.77352 
0.76563 
0.68399 
0.67677 
0.75906 
0.71617 
0.76205 
0.7537 
0.73466 
0.74703 
0.7731 
0.75654 
0.77726 
0.77031 
0.77455 
0.76313 
0.76003 
0.76694 
0.76411 
0.76445 
0.77686 
0.77687 
0.77337 
0.7698 
0.77562 
0.77171 
0.77361 
0.77497 
0.77435 
0.7745 
0.77655 
0.77673 
0.77594 
0.77616 
0.77567 
0.776 
0.7756 
0.77749 
0.77711 
0.7768 
0.77698 
0.77736 
0.77717 
0.77688 
0.77588 
0.7769 
0.77554 
0.7774 
0.77547 
0.77711 
0.77736 
0.77736 
0.77659 
0.77555 
0.77554 
0.77728 
0.77662 
0.77704 
0.77726 
0.77659 
0.77723 
0.77554 
0.77573 
0.7763 
0.77493 
0.77526 
0.77677 
0.77693 
0.77669 
0.77629 
0.77663 
0.77714 
0.77704 
0.77745 
0.77659 
0.77709 
0.77627 
0.77738 
0.77495 
0.77497 
0.77705 
0.77716 
0.77743 
0.77652 
0.77693 
0.777 
0.77661 
0.77671 
0.776 
0.7763 
0.77629 
0.77755 
0.77621 
0.77736 
0.77753 
0.7762 
0.77629 
0.77722 
0.77695 
0.77737 
0.77521 
0.77643 
0.77436 
0.77709 
0.77516 
0.77391 
0.77659 
0.77689 
0.7774 
0.77668 
0.77686 
0.77608 
0.77605 
0.77615 
0.77749 
0.77714 
0.77737 
0.77727 
0.77635 
0.77723 
0.7771 
0.77684 
0.77726 
0.77673 
0.77737 
0.77748 
0.777 
0.77701 
0.77691 
0.7773 
0.77575 
0.77599 
0.7772 
0.7771 
0.77669 
0.77755 
0.77685 
0.7774 
0.77755 
0.77696 
0.77686 
0.77751 
0.77712 
0.77719 
0.77711 
0.77656 
0.77737 
0.77707 
0.77603 
0.77651 
0.77719 
0.77635 
0.77699 
0.7756 
0.77522 
0.77722 
0.77425 
0.77707 
0.77711 
0.77418 
0.77738 
0.77652 
0.7772 
0.77635 
0.77685 
0.77728 
0.77704 
0.77737 
0.77631 
0.77639 
0.77729 
0.77624 
0.77504 
0.77632 
0.77652 
0.77663 
0.77733 
0.77751 
0.77718 
0.77754 
0.77651 
0.77698 
0.7766 
0.77562 
0.77698 
0.77711 
0.77673 
0.77662 
0.77704 
0.77708 
0.77669 
0.77727 
0.7774 
0.77715 
0.77613 
0.77604 
0.77671 
0.7775 
0.77712 
0.7765 
0.77713 
0.77687 
0.77661 
0.77721 
0.77677 
0.77677 
0.77748 
0.77648 
0.77723 
0.77576 
0.77631 
0.77737 
0.77435 
0.77474 
0.77741 
0.77735 
0.77738 
0.77657 
0.77647 
0.77132 
0.77294 
0.77737 
0.77628 
0.77549 
0.77728 
0.77722 
0.77612 
0.77738 
0.77695 
0.777 
0.77675 
0.77643 
0.77633 
0.77649 
0.77665 
0.77638 
0.77731 
0.77714 
0.77744 
0.77646 
0.77634 
0.77448 
0.77607 
0.77524 
0.77672 
0.77526 
0.77694 
0.7764 
0.77621 
0.77491 
0.77614 
0.77675 
0.77599 
0.77613 
0.77612 
0.77755 
0.77445 
0.77587 
0.77752 
0.77622 
0.77683 
0.77724 
0.77653 
0.77659 
0.77644 
0.77755 
0.77547 
0.77548 
0.77755 
0.77661 
0.77719 
0.77706 
0.77646 
0.77695 
0.77732 
0.77678 
0.7768 
0.77675 
0.77668 
0.77686 
0.77632 
0.77616 
0.77619 
0.77755 
0.77687 
0.77684 
0.77748 
0.77619 
0.77376 
0.77753 
0.77463 
0.77744 
0.77695 
0.77687 
0.77714 
0.77706 
0.77673 
0.77733 
