0.30117 
0.30119 
0.30454 
0.302 
0.30117 
0.30337 
0.30128 
0.30117 
0.30396 
0.30576 
0.30117 
0.30471 
0.30429 
0.30197 
0.30267 
0.30188 
0.35984 
0.35985 
0.3731 
0.40112 
0.39744 
0.41667 
0.4102 
0.38342 
0.4066 
0.38259 
0.38593 
0.40703 
0.35986 
0.37484 
0.36296 
0.35986 
0.35986 
0.35986 
0.35986 
0.35986 
0.35986 
0.35986 
0.35986 
0.35986 
0.35986 
0.35986 
0.36032 
0.36684 
0.36782 
0.37532 
0.38114 
0.39223 
0.40513 
0.41263 
0.40793 
0.4162 
0.41003 
0.41908 
0.41234 
0.41871 
0.40849 
0.41332 
0.41696 
0.41476 
0.41087 
0.41839 
0.41161 
0.41367 
0.41502 
0.4185 
0.4159 
0.41706 
0.41373 
0.41725 
0.4145 
0.415 
0.4184 
0.41144 
0.41703 
0.41755 
0.41807 
0.41697 
0.41655 
0.41726 
0.41801 
0.41627 
0.41576 
0.41652 
0.41381 
0.41107 
0.41403 
0.41905 
0.41889 
0.41819 
0.41526 
0.41899 
0.419 
0.41467 
0.41909 
0.41802 
0.41574 
0.4178 
0.41855 
0.41407 
0.41899 
0.4138 
0.41574 
0.41084 
0.4132 
0.4075 
0.40555 
0.41207 
0.40797 
0.40487 
0.41364 
0.40704 
0.41468 
0.41486 
0.41582 
0.41069 
0.4155 
0.41817 
0.4166 
0.41592 
0.41677 
0.41881 
0.41397 
0.41768 
0.415 
0.41592 
0.41429 
0.41517 
0.41126 
0.41364 
0.40937 
0.41508 
0.41838 
0.41348 
0.41876 
0.41466 
0.41594 
0.41535 
0.4166 
0.41285 
0.41911 
0.41786 
0.41806 
0.41909 
0.41876 
0.41453 
0.41516 
0.41902 
0.41753 
0.41584 
0.41588 
0.41639 
0.41548 
0.4146 
0.41894 
0.41588 
0.41763 
0.41761 
0.41552 
0.41414 
0.41639 
0.4164 
0.41654 
0.41561 
0.41305 
0.41665 
0.41787 
0.41437 
0.41882 
0.41692 
0.4127 
0.41867 
0.41763 
0.4163 
0.41637 
0.41902 
0.41671 
0.41899 
0.4187 
0.41904 
0.41796 
0.41671 
0.41413 
0.41624 
0.4157 
0.4177 
0.41797 
0.41546 
0.41651 
0.41468 
0.41699 
0.41896 
0.41775 
0.41823 
0.4191 
0.4152 
0.41865 
0.41847 
0.41868 
0.41876 
0.41544 
0.41586 
0.4191 
0.41703 
0.41747 
0.41883 
0.41873 
0.4164 
0.41749 
0.41894 
0.4179 
0.41791 
0.41535 
0.41681 
0.41834 
0.41871 
0.41607 
0.41563 
0.41799 
0.41535 
0.4148 
0.41743 
0.41255 
0.4172 
0.41565 
0.41868 
0.41677 
0.41874 
0.41723 
0.41619 
0.4185 
0.41082 
0.41492 
0.4108 
0.41907 
0.41719 
0.41676 
0.41876 
0.41891 
0.41473 
0.41911 
0.41559 
0.41436 
0.41797 
0.41636 
0.41586 
0.4173 
0.41852 
0.41744 
0.41398 
0.41744 
0.41492 
0.41674 
0.41815 
0.41838 
0.41718 
0.41644 
0.41909 
0.41675 
0.41672 
0.41478 
0.4168 
0.4164 
0.41896 
0.419 
0.41904 
0.4191 
0.41683 
0.41741 
0.41854 
0.41912 
0.41898 
0.41906 
0.41683 
0.41889 
0.41708 
0.41526 
0.4186 
0.41897 
0.4177 
0.41497 
0.41674 
0.41744 
0.41856 
0.41837 
0.41911 
0.41815 
0.41802 
0.41851 
0.4181 
0.41742 
0.41886 
0.41843 
0.41806 
0.41871 
0.41745 
0.41723 
0.41746 
0.41853 
0.41734 
