2.38873 
2.38819 
2.40024 
2.4218 
2.70872 
1.51706 
2.43989 
2.57316 
2.22509 
2.14844 
1.99151 
2.47342 
2.40137 
2.17377 
2.38586 
2.409 
2.35464 
2.23556 
2.43721 
2.4182 
2.24505 
2.24841 
2.39115 
2.38121 
2.34148 
2.41039 
2.39452 
2.32328 
2.3442 
2.3963 
2.35244 
2.39758 
2.3775 
2.3915 
2.37051 
2.39306 
2.36735 
2.39348 
2.3666 
2.38946 
2.39048 
2.38044 
2.39084 
2.38979 
2.38474 
2.38138 
2.39382 
2.38156 
2.39473 
2.38752 
2.36514 
2.38407 
2.387 
2.38699 
2.3919 
2.39471 
2.36591 
2.38604 
2.37838 
2.39067 
2.38584 
2.3919 
2.38542 
2.39473 
2.36808 
2.39267 
2.35897 
2.39551 
2.38013 
2.38189 
2.37919 
2.39271 
2.37847 
2.39039 
2.39066 
2.38956 
2.37802 
2.38376 
2.39276 
2.38974 
2.39634 
2.35939 
2.38336 
2.39034 
2.38962 
2.37717 
2.39097 
2.39079 
2.37815 
2.39156 
2.37115 
2.39268 
2.37453 
2.38928 
2.39293 
2.38982 
2.38935 
2.37347 
2.39271 
2.38534 
2.38221 
2.38977 
2.39564 
2.39233 
2.35255 
2.39053 
2.39579 
2.34746 
2.39188 
2.39109 
2.38751 
2.37906 
2.39115 
2.37209 
2.39336 
2.3729 
2.3885 
2.39041 
2.38707 
2.38592 
2.39255 
2.38546 
2.39052 
2.38094 
2.38576 
2.39151 
2.38977 
2.38948 
2.38275 
2.39075 
2.38169 
2.38623 
2.39417 
2.37098 
2.38513 
2.38387 
2.39162 
2.3893 
2.38104 
2.38748 
2.38928 
2.39088 
2.39117 
2.3894 
2.38415 
2.39025 
2.38402 
2.39198 
2.3871 
2.38358 
2.3934 
2.37706 
2.38492 
2.37513 
2.39082 
2.39457 
2.36222 
2.39019 
2.39824 
2.38355 
2.39048 
2.35044 
2.38723 
2.39208 
2.39023 
2.37524 
2.3912 
2.39002 
2.38319 
2.38976 
2.39267 
2.3756 
2.38999 
2.37386 
2.3961 
2.37478 
2.37718 
2.39177 
2.38662 
2.38874 
2.39029 
2.3891 
2.37704 
2.39084 
2.39186 
2.36683 
2.39084 
2.38405 
2.39151 
2.37835 
2.39067 
2.38374 
2.39163 
2.39005 
2.38747 
2.39038 
2.37267 
2.3934 
2.37939 
2.38865 
2.3841 
2.39213 
2.3843 
2.38122 
2.39183 
2.3902 
2.38004 
2.39141 
2.38947 
2.37666 
2.39016 
2.39415 
2.37467 
2.38977 
2.39799 
2.35675 
2.3876 
2.38686 
2.38974 
2.37778 
2.39222 
2.40624 
2.33666 
2.38708 
2.39275 
2.36528 
2.39003 
2.38534 
2.37249 
2.38718 
2.39092 
2.38273 
2.3798 
2.39232 
2.37497 
2.39216 
2.37866 
2.39246 
2.38643 
2.38443 
2.38959 
2.39225 
2.39256 
2.35385 
2.39331 
2.39556 
2.37949 
2.36265 
2.39095 
2.39242 
2.37351 
2.39645 
2.37275 
2.3799 
2.37106 
2.39315 
2.37253 
2.38928 
2.39771 
2.3697 
2.38936 
2.37371 
2.39124 
2.39013 
2.37724 
2.3919 
2.37619 
2.38928 
2.39493 
2.36523 
2.38928 
2.39185 
2.38493 
2.38342 
2.39223 
2.38216 
2.38992 
2.39139 
2.38046 
2.37981 
2.39166 
2.38112 
2.39262 
2.373 
2.39297 
2.38928 
2.38125 
2.3912 
2.38949 
2.37337 
2.39958 
2.38934 
2.35555 
2.38959 
2.39091 
2.38123 
2.39041 
2.38342 
2.37961 
2.38988 
