1.20953 
1.20922 
1.15979 
1.19707 
1.20953 
1.17679 
1.2079 
1.20953 
1.16808 
1.14232 
1.20953 
1.15734 
1.16338 
1.1975 
1.18706 
1.19893 
0.56716 
0.77047 
0.39503 
0.49548 
0.48228 
0.5603 
0.58353 
0.62694 
0.5166 
0.66867 
0.44029 
0.5872 
0.80121 
0.60232 
0.7444 
0.75505 
0.75005 
0.75145 
0.74635 
0.75187 
0.74038 
0.75485 
0.73493 
0.74588 
0.73292 
0.73204 
0.73319 
0.68464 
0.69936 
0.64152 
0.62595 
0.56993 
0.52764 
0.5525 
0.52158 
0.55994 
0.53021 
0.57249 
0.54019 
0.57055 
0.52383 
0.54456 
0.56172 
0.55113 
0.53376 
0.57357 
0.58181 
0.57929 
0.57765 
0.57344 
0.57658 
0.57518 
0.57921 
0.57494 
0.57828 
0.57768 
0.57356 
0.58202 
0.56303 
0.57418 
0.57343 
0.56224 
0.57542 
0.5743 
0.57328 
0.57525 
0.55781 
0.55953 
0.54678 
0.58247 
0.54774 
0.57235 
0.57297 
0.56789 
0.55351 
0.57285 
0.57209 
0.55073 
0.57255 
0.56701 
0.55576 
0.57428 
0.56976 
0.54793 
0.57285 
0.54673 
0.57678 
0.53366 
0.57986 
0.51983 
0.58926 
0.53899 
0.58627 
0.50951 
0.57933 
0.51798 
0.55076 
0.57784 
0.55618 
0.58292 
0.55463 
0.56776 
0.57573 
0.57656 
0.57552 
0.57306 
0.57893 
0.56531 
0.57767 
0.55665 
0.57854 
0.55307 
0.58223 
0.54597 
0.58455 
0.55264 
0.57358 
0.54528 
0.57312 
0.55067 
0.57653 
0.55393 
0.57573 
0.54242 
0.5727 
0.56617 
0.57397 
0.57252 
0.57312 
0.5501 
0.55305 
0.57215 
0.56455 
0.55624 
0.5766 
0.55892 
0.57709 
0.55041 
0.57291 
0.5766 
0.57448 
0.57451 
0.55475 
0.57872 
0.55892 
0.57597 
0.55963 
0.57693 
0.54332 
0.57567 
0.56624 
0.57844 
0.57112 
0.57535 
0.54177 
0.57035 
0.56503 
0.55846 
0.57601 
0.57215 
0.56048 
0.57202 
0.57052 
0.57229 
0.57409 
0.5756 
0.57873 
0.57617 
0.57683 
0.56538 
0.56675 
0.57711 
0.5595 
0.57806 
0.56188 
0.57188 
0.57434 
0.57377 
0.57259 
0.57743 
0.57326 
0.57348 
0.57042 
0.57085 
0.57714 
0.55633 
0.57271 
0.57522 
0.56423 
0.57304 
0.57068 
0.57598 
0.56433 
0.57178 
0.5664 
0.57414 
0.55393 
0.57548 
0.56864 
0.57055 
0.55738 
0.55525 
0.56685 
0.57725 
0.55133 
0.57473 
0.5411 
0.56288 
0.55534 
0.57042 
0.57552 
0.57314 
0.56303 
0.57623 
0.56946 
0.58277 
0.55191 
0.58279 
0.57275 
0.56284 
0.57554 
0.57082 
0.57162 
0.578 
0.5727 
0.57696 
0.54927 
0.57407 
0.55877 
0.57663 
0.56341 
0.56959 
0.57471 
0.54751 
0.5641 
0.55191 
0.57557 
0.56766 
0.57358 
0.56281 
0.55914 
0.57272 
0.56067 
0.57558 
0.55125 
0.57549 
0.55895 
0.57288 
0.57284 
0.57225 
0.57259 
0.56107 
0.56391 
0.56966 
0.57269 
0.57286 
0.57276 
0.57545 
0.57152 
0.56228 
0.57736 
0.56999 
0.57192 
0.57441 
0.55211 
0.57556 
0.5641 
0.56979 
0.5736 
0.57266 
0.56766 
0.57401 
0.57342 
0.57392 
0.56398 
0.573 
0.57352 
0.5672 
0.57318 
0.57471 
0.56303 
0.5747 
0.56962 
0.5636 
