2.59102 
2.59064 
2.58937 
2.58511 
2.58269 
1.92447 
2.5813 
2.56531 
2.47092 
2.41181 
2.28586 
2.57379 
2.58915 
2.43155 
2.58899 
2.58768 
2.56668 
2.47884 
2.58188 
2.58584 
2.48601 
2.48853 
2.59107 
2.58569 
2.55719 
2.5874 
2.59045 
2.54397 
2.55915 
2.59011 
2.5651 
2.58987 
2.58304 
2.59101 
2.57806 
2.59072 
2.5758 
2.59064 
2.57526 
2.59138 
2.59119 
2.58514 
2.59113 
2.59132 
2.5882 
2.58581 
2.59058 
2.58593 
2.59041 
2.59016 
2.57421 
2.58772 
2.5898 
2.58979 
2.59093 
2.59041 
2.57477 
2.58912 
2.58368 
2.59116 
2.58897 
2.59093 
2.58868 
2.59041 
2.57632 
2.59079 
2.56979 
2.59026 
2.58492 
2.58617 
2.58425 
2.59078 
2.58373 
2.59121 
2.59116 
2.59136 
2.58342 
2.5875 
2.59077 
2.59133 
2.59011 
2.5701 
2.58722 
2.59122 
2.59135 
2.58281 
2.5911 
2.59114 
2.58351 
2.59099 
2.57852 
2.59079 
2.58093 
2.59141 
2.59074 
2.59131 
2.5914 
2.58017 
2.59078 
2.58862 
2.5864 
2.59132 
2.59024 
2.59085 
2.56518 
2.59118 
2.59021 
2.56151 
2.59094 
2.59108 
2.59016 
2.58415 
2.59107 
2.57919 
2.59066 
2.57977 
2.59086 
2.59121 
2.58985 
2.58904 
2.59081 
2.58871 
2.59119 
2.58549 
2.58892 
2.591 
2.59132 
2.59138 
2.58679 
2.59114 
2.58603 
2.58926 
2.59051 
2.57839 
2.58847 
2.58758 
2.59098 
2.59141 
2.58556 
2.59014 
2.59141 
2.59112 
2.59107 
2.59139 
2.58778 
2.59123 
2.58768 
2.59092 
2.58987 
2.58738 
2.59065 
2.58273 
2.58832 
2.58136 
2.59113 
2.59044 
2.57212 
2.59125 
2.58975 
2.58735 
2.59119 
2.56366 
2.58996 
2.5909 
2.59124 
2.58144 
2.59106 
2.59128 
2.5871 
2.59132 
2.59079 
2.58169 
2.59128 
2.58045 
2.59015 
2.58111 
2.58282 
2.59096 
2.58953 
2.59103 
2.59123 
2.59129 
2.58272 
2.59113 
2.59094 
2.57542 
2.59113 
2.58771 
2.591 
2.58365 
2.59116 
2.58749 
2.59098 
2.59127 
2.59013 
2.59121 
2.5796 
2.59065 
2.58439 
2.59097 
2.58774 
2.59089 
2.58788 
2.58569 
2.59095 
2.59124 
2.58486 
2.59102 
2.59138 
2.58245 
2.59125 
2.59052 
2.58103 
2.59132 
2.5898 
2.56819 
2.59022 
2.5897 
2.59133 
2.58325 
2.59087 
2.58822 
2.5537 
2.58986 
2.59078 
2.57431 
2.59128 
2.58862 
2.57947 
2.58993 
2.59111 
2.58677 
2.58468 
2.59085 
2.58125 
2.59088 
2.58387 
2.59083 
2.5894 
2.58797 
2.59136 
2.59087 
2.59081 
2.56611 
2.59067 
2.59025 
2.58446 
2.57243 
2.59111 
2.59084 
2.5802 
2.59009 
2.57966 
2.58475 
2.57845 
2.5907 
2.5795 
2.59141 
2.58985 
2.57748 
2.5914 
2.58035 
2.59105 
2.59126 
2.58286 
2.59093 
2.58211 
2.59141 
2.59037 
2.57428 
2.59141 
2.59094 
2.58833 
2.58726 
2.59087 
2.58636 
2.5913 
2.59103 
2.58515 
2.58469 
2.59098 
2.58562 
2.5908 
2.57984 
2.59073 
2.59141 
2.58572 
2.59106 
2.59137 
2.58011 
2.5895 
2.5914 
2.56734 
2.59136 
2.59111 
2.5857 
2.59121 
2.58726 
2.58455 
2.5913 
