0.93146 
0.93142 
0.92389 
0.92959 
0.93146 
0.92653 
0.93122 
0.93146 
0.92515 
0.92113 
0.93146 
0.92348 
0.92445 
0.92966 
0.92806 
0.92989 
0.78857 
0.83817 
0.7275 
0.84375 
0.82772 
0.91815 
0.92824 
0.91524 
0.86864 
0.86692 
0.77899 
0.92653 
0.92006 
0.79953 
0.82742 
0.81375 
0.80581 
0.80699 
0.79999 
0.80758 
0.79969 
0.81192 
0.79969 
0.79969 
0.79969 
0.79968 
0.79965 
0.80543 
0.81567 
0.81869 
0.83178 
0.84136 
0.86537 
0.90387 
0.87464 
0.91681 
0.8846 
0.93125 
0.89591 
0.92919 
0.87725 
0.90081 
0.91969 
0.90811 
0.88865 
0.93122 
0.92879 
0.92956 
0.93005 
0.93126 
0.93036 
0.93077 
0.92958 
0.93084 
0.92987 
0.93004 
0.93122 
0.92872 
0.92064 
0.93012 
0.93005 
0.92002 
0.92983 
0.92955 
0.92957 
0.92873 
0.91449 
0.91732 
0.90329 
0.92858 
0.90435 
0.93111 
0.93139 
0.92634 
0.91073 
0.93142 
0.93082 
0.90766 
0.93132 
0.9254 
0.9132 
0.93102 
0.92834 
0.90457 
0.93142 
0.90323 
0.93031 
0.88853 
0.92939 
0.87261 
0.92636 
0.89456 
0.92735 
0.8605 
0.92955 
0.87046 
0.90769 
0.92999 
0.91366 
0.92843 
0.91196 
0.9262 
0.93061 
0.93037 
0.93067 
0.93136 
0.92967 
0.92357 
0.93005 
0.91418 
0.92979 
0.91025 
0.92865 
0.90239 
0.92792 
0.90977 
0.93122 
0.90162 
0.93135 
0.9076 
0.93038 
0.91119 
0.93061 
0.89843 
0.93146 
0.9245 
0.93111 
0.93129 
0.93135 
0.90696 
0.91022 
0.93089 
0.92275 
0.91372 
0.93036 
0.91665 
0.93022 
0.90731 
0.93141 
0.93036 
0.93097 
0.93096 
0.91209 
0.92973 
0.91665 
0.93054 
0.91742 
0.93026 
0.89943 
0.93063 
0.92457 
0.92982 
0.92979 
0.93072 
0.8977 
0.92897 
0.92326 
0.91615 
0.93053 
0.93089 
0.91835 
0.93075 
0.92915 
0.93104 
0.93108 
0.93065 
0.92973 
0.93049 
0.93029 
0.92364 
0.92512 
0.93021 
0.91728 
0.92993 
0.91986 
0.93061 
0.93101 
0.93117 
0.93136 
0.93012 
0.93131 
0.93125 
0.92904 
0.9295 
0.9302 
0.91382 
0.93146 
0.93076 
0.92241 
0.93137 
0.92933 
0.93054 
0.92251 
0.9305 
0.92474 
0.93106 
0.91119 
0.93068 
0.92714 
0.92919 
0.91497 
0.91264 
0.92523 
0.93017 
0.90833 
0.9309 
0.89694 
0.92094 
0.91274 
0.92904 
0.93067 
0.93134 
0.92111 
0.93047 
0.92802 
0.92848 
0.90897 
0.92848 
0.93145 
0.92091 
0.93067 
0.92947 
0.93032 
0.92995 
0.93146 
0.93025 
0.90605 
0.93108 
0.91649 
0.93035 
0.92152 
0.92816 
0.9309 
0.9041 
0.92227 
0.90897 
0.93066 
0.9261 
0.93122 
0.92088 
0.91688 
0.93146 
0.91855 
0.93065 
0.90823 
0.93068 
0.91668 
0.93141 
0.93142 
0.931 
0.93136 
0.91899 
0.92207 
0.92823 
0.93146 
0.93142 
0.93145 
0.93069 
0.93021 
0.9203 
0.93014 
0.92858 
0.93064 
0.93099 
0.90919 
0.93066 
0.92227 
0.92837 
0.93121 
0.93143 
0.9261 
0.9311 
0.93126 
0.93112 
0.92213 
0.93138 
0.93123 
0.92561 
0.93133 
0.9309 
0.92111 
0.93091 
0.9282 
0.92172 
