0.00105 
-0.00098 
-0.00443 
-0.01472 
0.10072 
-0.00149 
-0.0173 
-0.07407 
-0.06098 
-0.0395 
-0.0003 
0.02664 
0.03042 
0.0119 
-0.01165 
-0.01719 
-0.01443 
0.00307 
0.01802 
0.02655 
0.01577 
0.00465 
-0.00523 
-0.00466 
0.00113 
0.00752 
0.00913 
0.00436 
0.00101 
-0.00316 
-0.00053 
0.00311 
0.00231 
0.00299 
0.00161 
0.00275 
0.00124 
0.00241 
-0.00089 
-0.00094 
-0.00127 
-0.00066 
0.00113 
0.00129 
0.00099 
-0.00046 
0.0018 
-0.00129 
-0.00294 
-0.00282 
-0.00111 
0.00072 
0.00057 
0.00041 
-0.00122 
-0.0029 
-0.00124 
-0.001 
-0.00024 
-0.00067 
0.00043 
-0.00126 
-0.001 
-0.00264 
0.00112 
-0.0022 
-0.0 
0.00188 
0.00124 
-0.00073 
2e-05 
-0.00119 
0.00039 
0.00074 
0.00119 
0.00127 
0.00047 
-8e-05 
0.00114 
0.00129 
0.00343 
0.00126 
0.00085 
-0.0012 
-0.0013 
-0.00042 
0.00094 
0.0014 
0.00059 
0.00126 
0.0 
-0.00104 
0.0 
0.0 
0.0011 
0.0013 
0.00132 
-0.00021 
-0.00125 
-0.00098 
0.00048 
-0.00063 
0.00251 
0.00343 
0.00091 
-0.0013 
-0.00318 
0.00013 
0.00085 
0.00142 
0.0013 
-0.0006 
-0.00117 
0.0 
0.0013 
-0.00016 
0.0001 
-0.00045 
-0.00029 
-6e-05 
0.00117 
0.00088 
-0.00126 
-0.00067 
-0.00042 
0.00109 
0.00124 
0.0013 
-0.00085 
-0.0013 
-0.00077 
-0.00055 
-0.00199 
0.00071 
0.00043 
2e-05 
0.00069 
-0.0007 
0.00012 
0.0 
0.0 
-0.00046 
-0.00104 
-0.00108 
-0.00072 
0.00101 
0.00067 
0.00145 
-0.00129 
-0.00089 
-0.00215 
-0.00128 
-0.00098 
0.0 
0.00046 
0.0021 
0.00011 
0.00042 
-0.00316 
-0.00276 
-0.00313 
-0.00038 
-0.00023 
0.00109 
0.00135 
-0.00038 
-0.00096 
-0.00119 
0.00076 
0.00091 
0.00193 
0.00104 
0.00127 
-0.0002 
0.00231 
0.00125 
-0.00046 
-0.00122 
-0.00103 
0.00099 
0.0013 
0.00129 
-0.00039 
0.00084 
0.0016 
0.0 
-0.0005 
-0.00013 
0.0008 
0.0 
-0.00042 
-3e-05 
-0.00079 
0.00101 
-0.00088 
-0.00122 
0.0 
0.00125 
0.00055 
0.00051 
-0.00018 
-0.00108 
-0.00073 
0.00016 
0.00096 
0.00124 
-0.0006 
-0.00124 
-0.0013 
0.00042 
0.00069 
0.00218 
0.00111 
-0.00125 
-0.0039 
-0.00156 
-0.00145 
0.00128 
0.00142 
-0.0006 
-0.0015 
-0.00663 
-0.00276 
-0.00261 
0.0037 
0.00199 
0.00222 
0.00194 
-0.00076 
0.00062 
-0.00112 
0.00066 
0.0 
0.00098 
0.0 
-0.00082 
-9e-05 
-0.00108 
-0.00088 
0.00052 
0.00061 
0.00152 
-0.00253 
-0.0 
0.00122 
0.00314 
0.00245 
0.00056 
-0.00107 
-0.00199 
-0.00085 
0.00309 
0.00192 
0.00127 
0.0 
-0.00116 
0.0 
0.0 
0.00258 
0.00116 
0.00118 
-8e-05 
-0.00071 
-0.00097 
0.00012 
-0.00094 
0.0 
0.0 
0.00173 
0.0 
0.0 
-0.00075 
-0.00046 
-6e-05 
-0.00096 
0.00045 
-0.00063 
0.0013 
0.00066 
0.0 
-0.00073 
0.00017 
-0.00128 
0.00013 
-0.0013 
-0.0013 
0.00074 
0.0013 
0.00136 
0.00026 
-0.00358 
-0.0036 
-0.00119 
0.00128 
0.00177 
0.00123 
-0.00159 
-0.00116 
-0.00056 
0.00076 
