0.0173197 
0.008455 
0.0078628 
0.0170302 
0.0082791 
0.0118003 
0.0156662 
0.0193257 
0.019007 
0.0168746 
0.0141046 
0.0127676 
0.0112193 
0.0165553 
0.0147247 
0.010885 
0.0174456 
0.0176661 
0.013406 
0.0137706 
0.0232766 
0.0185363 
0.0072436 
0.009882 
0.0152113 
0.0168278 
0.0125163 
0.0185316 
0.0184147 
0.0154297 
0.0176396 
0.011734 
0.0171907 
0.0147042 
0.0179276 
0.011503 
0.0154197 
0.0114214 
0.0163786 
0.0108185 
0.0115898 
0.01618 
0.01228 
0.0131814 
0.0157545 
0.0097785 
0.0151691 
0.0206473 
0.0182345 
0.0173061 
0.0164785 
0.0174475 
0.0153551 
0.018491 
0.0138884 
0.0233116 
0.008558 
0.0121772 
0.0190558 
0.0253534 
0.0220163 
0.0121279 
0.0144532 
0.0120592 
0.0146883 
0.011143 
0.0169432 
0.0126088 
0.0213015 
0.0144238 
0.0292513 
0.0118866 
0.0148206 
0.0110447 
0.0141172 
0.0157311 
0.0161126 
0.0174181 
0.0160296 
0.0138178 
0.0124111 
0.0140865 
0.0337772 
0.0166345 
0.0131273 
0.0188541 
0.0126917 
0.0132377 
0.0136933 
0.0147483 
0.0159783 
0.0116739 
0.0150063 
0.0138535 
0.0143566 
0.016959 
0.016068 
0.0157485 
0.014271 
0.0209024 
0.0153978 
0.0150287 
0.012784 
0.0146346 
0.0162365 
0.0145504 
0.0155883 
0.0180275 
0.0121322 
0.0361259 
0.0145202 
0.0196764 
0.0137618 
0.0162616 
0.0148535 
0.0152657 
0.0162621 
0.012012 
0.0155649 
0.016299 
0.0110343 
0.0197639 
0.0143569 
0.0172586 
0.0143771 
0.0157373 
0.0114028 
0.0142732 
0.01459 
0.0130947 
0.0160308 
0.0178237 
0.0119221 
0.0107927 
0.0092027 
0.0124469 
0.0133491 
0.0137169 
0.0150378 
0.0169694 
0.0138836 
0.0145686 
0.0123532 
0.0117912 
0.0202043 
0.0146937 
0.016058 
0.015269 
0.0182569 
0.0173714 
0.007473 
0.0316978 
0.0144393 
0.0171309 
0.0114236 
0.0115509 
0.0232236 
0.0075545 
0.0123608 
0.0145931 
0.0123031 
0.0158749 
0.0148644 
0.0138092 
0.0138974 
0.0148771 
0.0153234 
0.0116909 
0.0145984 
0.0111706 
0.0148761 
0.0095313 
0.0103145 
0.012521 
0.0113754 
0.0141392 
0.0162148 
0.0120511 
0.0168378 
0.0143337 
0.0131733 
0.0134971 
0.0156975 
0.0118086 
0.011409 
0.0157766 
0.0134995 
0.015002 
0.0140402 
0.0138865 
0.0120852 
0.0151758 
0.0135546 
0.0158389 
0.0150428 
0.0125697 
0.0177379 
0.012651 
0.0310783 
0.0146959 
0.0157471 
0.0148418 
0.0151672 
0.0164299 
0.014545 
0.0110691 
0.016232 
0.0143185 
0.0120192 
0.0145109 
0.0282969 
0.0139565 
0.0278087 
0.0236723 
0.0125034 
0.0150576 
0.0170972 
0.0098104 
0.0146627 
0.0207734 
0.0134037 
0.0116446 
0.0203335 
0.0158041 
0.0126851 
0.0189061 
0.0162494 
0.0211697 
0.0150454 
0.0146735 
0.0125387 
0.0158346 
0.0276144 
0.011163 
0.0133498 
0.0142889 
0.0142105 
0.01336 
0.015106 
0.0131996 
0.0116653 
0.0121222 
0.0130005 
0.0145006 
0.0138185 
0.0110703 
0.0152786 
0.0199871 
0.0108242 
0.0142577 
0.024164 
0.0123863 
0.0136659 
0.0178378 
0.0141242 
0.0131547 
0.0184414 
0.0109251 
0.0123787 
0.0154834 
0.0117276 
0.0154641 
0.0124166 
0.0110836 
0.0161829 
0.0133736 
0.0156376 
0.0127192 
0.0116148 
0.0097675 
0.0138257 
0.0119464 
0.0142102 
0.016269 
0.0127351 
0.0219433 
0.013222 
0.0115254 
0.0215676 
0.0160358 
0.0074983 
0.0096745 
0.0069518 
0.0146525 
0.0074105 
0.0114722 
0.0151117 
0.0112841 
0.012192 
0.0142543 
0.014024 
0.0129669 
0.0133452 
0.0116498 
0.0113802 
0.017813 
0.0087709 
0.0141788 
0.0157707 
0.0121245 
