-1.0478 
-1.1633 
-1.3343 
-1.5 
-0.6963 
-1.0693 
-1.5 
-0.3233 
-0.724 
-0.7746 
-0.2508 
-0.9593 
-0.7012 
-0.4067 
-0.3611 
-0.5781 
0.3571 
-0.3781 
0.1046 
-0.0473 
-0.0002 
0.1107 
-0.0383 
0.1905 
-0.1093 
0.1065 
-0.2403 
0.0239 
0.3679 
-0.1742 
0.053 
0.0506 
0.0471 
0.064 
0.0625 
0.0927 
0.0777 
0.1269 
0.0919 
0.1198 
0.1041 
0.112 
0.1299 
0.1124 
0.1466 
0.1128 
0.128 
0.1224 
0.0861 
0.1278 
0.0603 
0.122 
0.0669 
0.1338 
0.0808 
0.1274 
0.0421 
0.0667 
0.0919 
0.072 
0.0197 
0.0803 
0.03 
0.0319 
0.0331 
0.0521 
0.0307 
0.0321 
0.0018 
0.017 
-0.0086 
-0.017 
-0.0012 
-0.0591 
-0.0039 
-0.0249 
-0.0269 
-0.0123 
-0.0444 
-0.0457 
-0.0452 
-0.0612 
-0.0324 
-0.0333 
-0.0117 
-0.1127 
-0.0291 
-0.0619 
-0.0698 
-0.0649 
-0.0427 
-0.072 
-0.0751 
-0.0425 
-0.0743 
-0.0701 
-0.0521 
-0.0872 
-0.0784 
-0.0423 
-0.0789 
-0.0375 
-0.1003 
-0.0147 
-0.115 
0.014 
-0.1679 
-0.0313 
-0.1623 
0.0231 
-0.1118 
0.0917 
-0.0803 
-0.0918 
-0.0216 
-0.1366 
0.0442 
-0.0503 
-0.0298 
-0.0193 
-0.0196 
-0.0304 
0.008 
-0.0312 
0.0085 
-0.0375 
0.0185 
-0.0367 
0.0468 
-0.0382 
0.0693 
-0.0155 
0.0132 
-0.0311 
0.0064 
-0.0269 
0.0249 
-0.0198 
0.0227 
-0.0377 
-0.0001 
-0.0068 
0.0101 
0.0048 
0.0084 
-0.0279 
-0.0301 
-0.006 
-0.0157 
-0.037 
0.0173 
-0.038 
0.0275 
-0.037 
-0.0134 
-0.0365 
-0.0289 
-0.0314 
0.0056 
-0.0547 
-0.0051 
-0.0418 
-0.0064 
-0.0495 
0.0172 
-0.0381 
-0.0156 
-0.0606 
-0.0309 
-0.0491 
0.0142 
-0.0215 
-0.0148 
-0.0019 
-0.041 
-0.0249 
-0.0061 
-0.0201 
-0.0183 
-0.0196 
-0.0116 
0.0002 
0.0249 
0.018 
0.0263 
-0.0046 
-0.0049 
0.0315 
-0.0084 
0.0418 
0.0016 
0.0133 
0.0268 
0.027 
0.0228 
0.0548 
0.0371 
0.04 
0.0346 
0.0361 
0.0685 
0.0223 
0.0438 
0.0628 
0.0394 
0.0532 
0.0506 
0.0762 
0.0492 
0.0591 
0.0526 
0.0719 
0.0362 
0.0791 
0.0623 
0.0649 
0.0447 
0.0372 
0.0521 
0.0916 
0.0346 
0.0755 
0.0137 
0.04 
0.0261 
0.0456 
0.0062 
0.0362 
0.0535 
0.0207 
0.0412 
-0.0258 
0.053 
-0.0344 
0.0113 
0.027 
-0.0031 
0.0111 
0.0099 
-0.0276 
-0.0039 
-0.0317 
0.0237 
-0.0138 
0.0109 
-0.0323 
-0.0019 
-0.0088 
-0.0276 
0.0201 
0.0012 
0.0213 
-0.0233 
-0.0044 
-0.0162 
0.0017 
0.0101 
-0.007 
0.01 
-0.0234 
0.0225 
-0.021 
0.0123 
-0.0045 
-0.0058 
-0.0051 
-0.0059 
0.0113 
0.0108 
0.0044 
0.0006 
0.0015 
-0.002 
-0.0178 
-0.0028 
0.015 
-0.0316 
0.0456 
0.006 
0.0162 
-0.0243 
0.0184 
-0.0075 
-0.0024 
0.0074 
0.003 
-0.0046 
0.0094 
-0.0196 
0.0333 
-0.0067 
0.0041 
0.0089 
-0.0165 
-0.0036 
-0.0132 
0.0115 
-0.0126 
0.0365 
-0.0084 
