0.0027 
-0.0191 
-0.039 
-0.1216 
1.0757 
-0.7049 
-0.1523 
-0.5983 
-0.0635 
0.0402 
0.2646 
0.2564 
0.0948 
-0.1205 
-0.2219 
-0.1091 
-0.0376 
0.1362 
0.147 
0.1289 
-0.0558 
-0.0801 
-0.0969 
-0.0151 
0.0408 
0.065 
0.0329 
-0.0297 
-0.0254 
-0.044 
0.0167 
0.034 
-0.0024 
0.0121 
-0.007 
0.0162 
-0.0089 
0.0172 
-0.0294 
-0.0025 
-0.0061 
0.0032 
0.0175 
0.0051 
0.0008 
-0.0126 
0.0242 
-0.0289 
-0.0207 
-0.0069 
0.0099 
0.0148 
-0.0003 
-0.0006 
-0.0166 
-0.022 
0.0083 
-0.0028 
0.0035 
-0.0073 
0.0077 
-0.0185 
-0.003 
-0.0232 
0.0296 
-0.0344 
0.0137 
0.0168 
-0.0046 
-0.0205 
0.003 
-0.0149 
0.0098 
0.0016 
0.0038 
0.0016 
-0.0073 
-0.0067 
0.0106 
0.0028 
0.025 
-0.0143 
-0.0015 
-0.0189 
-0.0052 
0.0046 
0.0122 
0.0067 
-0.0051 
0.0087 
-0.0103 
-0.0112 
0.0079 
-0.0004 
0.0116 
0.0049 
0.0042 
-0.0122 
-0.0113 
-0.0003 
0.0129 
-0.0105 
0.0327 
0.0176 
-0.0171 
-0.0194 
-0.0234 
0.0267 
0.0092 
0.0091 
0.0038 
-0.0158 
-0.0066 
0.0106 
0.0145 
-0.011 
0.0036 
-0.0043 
0.0016 
0.0028 
0.0132 
0.0018 
-0.0188 
0.0041 
0.0019 
0.0162 
0.006 
0.0058 
-0.0176 
-0.0055 
0.0035 
0.0014 
-0.0163 
0.0244 
-0.0003 
-0.002 
0.0085 
-0.012 
0.0078 
-0.0001 
0.0009 
-0.0042 
-0.0067 
-0.0027 
0.0012 
0.017 
-0.0006 
0.0111 
-0.0234 
0.0012 
-0.0157 
0.0031 
-0.0008 
0.0072 
0.0044 
0.0181 
-0.015 
0.0033 
-0.0371 
-0.0053 
-0.013 
0.0191 
-0.0017 
0.0113 
0.0042 
-0.0167 
-0.0091 
-0.0071 
0.0154 
0.0017 
0.0118 
-0.0061 
0.0041 
-0.0134 
0.0252 
-0.005 
-0.0161 
-0.0097 
-0.0019 
0.0182 
0.0056 
0.0034 
-0.0137 
0.0127 
0.011 
-0.0121 
-0.0046 
0.003 
0.0102 
-0.0055 
-0.0039 
0.0035 
-0.0074 
0.0183 
-0.0162 
-0.0058 
0.0094 
0.0135 
-0.0036 
0.0015 
-0.0059 
-0.0094 
0.001 
0.0075 
0.009 
0.0061 
-0.0158 
-0.0081 
-0.0039 
0.0148 
0.0041 
0.0181 
-0.0043 
-0.0219 
-0.0313 
0.0139 
-0.0037 
0.0241 
0.0045 
-0.0177 
-0.0118 
-0.0605 
0.0204 
-0.0091 
0.0555 
-0.0106 
0.0059 
0.0016 
-0.0248 
0.0115 
-0.0182 
0.0145 
-0.0066 
0.0088 
-0.0091 
-0.0104 
0.0044 
-0.0121 
-0.0025 
0.01 
0.0008 
0.0099 
-0.0402 
0.0184 
0.0114 
0.0226 
0.0007 
-0.0136 
-0.0159 
-0.0135 
0.0057 
0.0383 
-0.0041 
-0.0014 
-0.0097 
-0.0121 
0.0097 
0.0003 
0.0279 
-0.0068 
0.0047 
-0.0088 
-0.0054 
-0.0036 
0.01 
-0.0098 
0.0081 
0.0008 
0.0193 
-0.0124 
0.0012 
-0.0071 
0.0022 
0.004 
-0.0089 
0.0129 
-0.0103 
0.0191 
-0.0021 
-0.0041 
-0.0066 
0.0088 
-0.0132 
0.0122 
-0.0139 
-0.0033 
0.0185 
0.0086 
0.0049 
-0.0073 
-0.038 
-0.0102 
0.0151 
0.0226 
0.0082 
-0.0013 
-0.026 
-0.0005 
0.0031 
0.0109 
