-0.9965 
-0.9967 
-1.0293 
-1.1289 
-0.9523 
-0.9314 
-1.0458 
-0.7896 
-0.7227 
-0.6789 
-0.5001 
-0.56 
-0.5299 
-0.4295 
-0.3438 
-0.3373 
-0.1435 
-0.1656 
-0.0908 
-0.0628 
-0.029 
0.0252 
0.0396 
0.1037 
0.0836 
0.1224 
0.0664 
0.0845 
0.1843 
0.1303 
0.1459 
0.1538 
0.157 
0.161 
0.1612 
0.1655 
0.1628 
0.169 
0.1639 
0.1638 
0.158 
0.1523 
0.1494 
0.1407 
0.1394 
0.1297 
0.1236 
0.117 
0.1031 
0.0983 
0.0805 
0.0764 
0.0624 
0.0623 
0.0515 
0.0509 
0.034 
0.0245 
0.0212 
0.0144 
-0.0013 
-0.0025 
-0.014 
-0.0224 
-0.0288 
-0.0298 
-0.0348 
-0.0379 
-0.0462 
-0.049 
-0.0562 
-0.0633 
-0.0645 
-0.0769 
-0.0738 
-0.0755 
-0.0762 
-0.073 
-0.0762 
-0.078 
-0.0784 
-0.0812 
-0.0768 
-0.0725 
-0.0647 
-0.0778 
-0.0697 
-0.0696 
-0.07 
-0.0686 
-0.0627 
-0.0629 
-0.0627 
-0.0558 
-0.0558 
-0.0538 
-0.0486 
-0.0506 
-0.0497 
-0.0419 
-0.0421 
-0.0338 
-0.0389 
-0.026 
-0.0348 
-0.0159 
-0.0366 
-0.0254 
-0.0417 
-0.0178 
-0.0264 
0.0075 
-0.0006 
-0.007 
0.0016 
-0.0147 
0.009 
0.0075 
0.0115 
0.0163 
0.0203 
0.0208 
0.0289 
0.0267 
0.0331 
0.0282 
0.0358 
0.0296 
0.0419 
0.0333 
0.0486 
0.0422 
0.0433 
0.0346 
0.0351 
0.0276 
0.0322 
0.0264 
0.0303 
0.0209 
0.0209 
0.0191 
0.0207 
0.0206 
0.0211 
0.0141 
0.0083 
0.0082 
0.0056 
-0.0005 
0.0055 
-0.0013 
0.0069 
0.0 
-0.0003 
-0.0054 
-0.0077 
-0.0103 
-0.0047 
-0.0124 
-0.0082 
-0.0123 
-0.0082 
-0.0137 
-0.0052 
-0.0089 
-0.007 
-0.0146 
-0.0141 
-0.0175 
-0.0076 
-0.007 
-0.0046 
-0.0003 
-0.0046 
-0.0044 
-0.001 
-0.0008 
-0.0002 
0.0001 
0.0019 
0.0056 
0.0138 
0.018 
0.0231 
0.0209 
0.019 
0.0247 
0.0207 
0.0279 
0.0247 
0.0245 
0.0267 
0.028 
0.028 
0.0341 
0.0348 
0.0358 
0.0351 
0.0346 
0.0398 
0.0346 
0.0346 
0.0379 
0.0353 
0.0357 
0.0351 
0.0393 
0.0368 
0.0365 
0.0346 
0.0365 
0.0304 
0.0339 
0.0327 
0.0321 
0.0276 
0.0221 
0.0204 
0.0263 
0.0195 
0.0221 
0.0117 
0.0087 
0.0032 
0.0025 
-0.0061 
-0.0067 
-0.0038 
-0.0083 
-0.0073 
-0.0204 
-0.0139 
-0.0278 
-0.0279 
-0.0251 
-0.0287 
-0.0281 
-0.0278 
-0.0351 
-0.0351 
-0.0406 
-0.0331 
-0.0348 
-0.0306 
-0.0357 
-0.0329 
-0.032 
-0.0346 
-0.0269 
-0.0243 
-0.0176 
-0.0213 
-0.0198 
-0.0209 
-0.018 
-0.0139 
-0.0139 
-0.0102 
-0.014 
-0.0076 
-0.0112 
-0.0067 
-0.0069 
-0.0071 
-0.007 
-0.007 
-0.0035 
-0.0009 
0.0 
0.0 
0.0002 
-0.0003 
-0.0038 
-0.0035 
0.0003 
-0.0058 
0.005 
0.0048 
0.007 
0.0005 
0.0041 
0.0013 
0.0005 
0.0017 
0.0017 
0.0002 
0.0018 
-0.0027 
0.0042 
0.0014 
0.0018 
0.0029 
-0.0013 
-0.0019 
-0.0043 
-0.0013 
-0.004 
0.0032 
0.0002 
